              Alexandru Andrei        CSC 24000     Section 11
                     Fall 2016        Assignment 4
----------------------------------------------------------------------

The original student data is:
Student ID     Test 1  Test 2  Test 3  Test 4
------------   ------  ------  ------  ------
    6901       66.80   90.90   87.70   65.60
    9802       99.50   88.80   55.90   94.50
    8703       88.80   77.60   66.60   89.90
    9704       90.40   77.30   72.20   68.80
    7705       77.20   77.80   88.30   83.20
    5806       55.90   89.90   82.20   84.60
    9907       98.80   93.50   94.10   90.20
    1108       89.90   33.50   76.40   67.10
    3809       66.50   55.70   55.80   44.90
    2210       88.90   88.00   81.40   82.40
    6511       66.70   56.80   71.20   65.90
    5612       55.50   66.60   66.20   62.10
    6713       67.30   77.80   65.90   87.20
    9914       99.30   92.20   87.80   90.30
    6615       66.10   62.60   54.10   45.20
    5316       55.40   34.40   23.40   77.10
    7617       77.40   66.80   75.50   75.20
    8718       80.30   78.90   71.40   62.20
    3319       77.80   77.90   72.40   80.10
    9820       99.90   89.90   99.90   94.60
    1921       66.70   77.10   76.60   79.30
    8822       88.20   82.20   78.90   68.30
    4523       98.30   89.30   78.40   99.40
    7324       77.90   34.70   78.90   78.40
    5425       56.60   45.60   34.50   23.80
    6526       66.70   56.20   78.90   55.90
    9927       92.30   92.30   94.30   80.20
    6228       90.90   88.30   88.80   91.10
    2829       76.80   87.40   87.10   79.30
    5830       55.80   89.90   78.20   90.30
    6831       66.80   90.90   58.40   69.40
    6732       69.90   78.70   50.20   67.50
    7733       77.90   71.20   76.70   75.30
    5234       82.20   81.90   72.60   75.60
    2335       98.30   87.30   93.70   89.20
    1936       77.30   66.30   74.80   50.60
    6737       66.20   67.30   72.10   45.60
    8538       88.80   59.20   67.70   90.50
    5639       55.50   66.60   54.50   59.90
    8840       77.80   98.20   88.30   78.50
    8641       88.80   67.80   86.60   78.20
    1042       45.50   56.50   34.60   55.60
    6343       78.70   76.60   77.20   71.40
    9244       60.40   90.90   96.30   77.70
The sorted student data is:
Student ID     Test 1  Test 2  Test 3  Test 4
------------   ------  ------  ------  ------
    9927       92.30   92.30   94.30   80.20
    9914       99.30   92.20   87.80   90.30
    9907       98.80   93.50   94.10   90.20
    9820       99.90   89.90   99.90   94.60
    9802       99.50   88.80   55.90   94.50
    9704       90.40   77.30   72.20   68.80
    9244       60.40   90.90   96.30   77.70
    8840       77.80   98.20   88.30   78.50
    8822       88.20   82.20   78.90   68.30
    8718       80.30   78.90   71.40   62.20
    8703       88.80   77.60   66.60   89.90
    8641       88.80   67.80   86.60   78.20
    8538       88.80   59.20   67.70   90.50
    7733       77.90   71.20   76.70   75.30
    7705       77.20   77.80   88.30   83.20
    7617       77.40   66.80   75.50   75.20
    7324       77.90   34.70   78.90   78.40
    6901       66.80   90.90   87.70   65.60
    6831       66.80   90.90   58.40   69.40
    6737       66.20   67.30   72.10   45.60
    6732       69.90   78.70   50.20   67.50
    6713       67.30   77.80   65.90   87.20
    6615       66.10   62.60   54.10   45.20
    6526       66.70   56.20   78.90   55.90
    6511       66.70   56.80   71.20   65.90
    6343       78.70   76.60   77.20   71.40
    6228       90.90   88.30   88.80   91.10
    5830       55.80   89.90   78.20   90.30
    5806       55.90   89.90   82.20   84.60
    5639       55.50   66.60   54.50   59.90
    5612       55.50   66.60   66.20   62.10
    5425       56.60   45.60   34.50   23.80
    5316       55.40   34.40   23.40   77.10
    5234       82.20   81.90   72.60   75.60
    4523       98.30   89.30   78.40   99.40
    3809       66.50   55.70   55.80   44.90
    3319       77.80   77.90   72.40   80.10
    2829       76.80   87.40   87.10   79.30
    2335       98.30   87.30   93.70   89.20
    2210       88.90   88.00   81.40   82.40
    1936       77.30   66.30   74.80   50.60
    1921       66.70   77.10   76.60   79.30
    1108       89.90   33.50   76.40   67.10
    1042       45.50   56.50   34.60   55.60
The list of students with their test average and grade course is:
                                                  Test   Course
Student ID     Test 1  Test 2  Test 3  Test 4  Average  Grade
------------   ------  ------  ------  ------  -------  ------
    9927       92.30   92.30   94.30   80.20    89.78       B
    9914       99.30   92.20   87.80   90.30    92.40       A
    9907       98.80   93.50   94.10   90.20    94.15       A
    9820       99.90   89.90   99.90   94.60    96.08       A
    9802       99.50   88.80   55.90   94.50    84.68       B
    9704       90.40   77.30   72.20   68.80    77.18       C
    9244       60.40   90.90   96.30   77.70    81.32       B
    8840       77.80   98.20   88.30   78.50    85.70       B
    8822       88.20   82.20   78.90   68.30    79.40       C
    8718       80.30   78.90   71.40   62.20    73.20       C
    8703       88.80   77.60   66.60   89.90    80.72       B
    8641       88.80   67.80   86.60   78.20    80.35       B
    8538       88.80   59.20   67.70   90.50    76.55       C
    7733       77.90   71.20   76.70   75.30    75.28       C
    7705       77.20   77.80   88.30   83.20    81.62       B
    7617       77.40   66.80   75.50   75.20    73.73       C
    7324       77.90   34.70   78.90   78.40    67.47       D
    6901       66.80   90.90   87.70   65.60    77.75       C
    6831       66.80   90.90   58.40   69.40    71.38       C
    6737       66.20   67.30   72.10   45.60    62.80       D
    6732       69.90   78.70   50.20   67.50    66.57       D
    6713       67.30   77.80   65.90   87.20    74.55       C
    6615       66.10   62.60   54.10   45.20    57.00       F
    6526       66.70   56.20   78.90   55.90    64.42       D
    6511       66.70   56.80   71.20   65.90    65.15       D
    6343       78.70   76.60   77.20   71.40    75.97       C
    6228       90.90   88.30   88.80   91.10    89.78       B
    5830       55.80   89.90   78.20   90.30    78.55       C
    5806       55.90   89.90   82.20   84.60    78.15       C
    5639       55.50   66.60   54.50   59.90    59.12       F
    5612       55.50   66.60   66.20   62.10    62.60       D
    5425       56.60   45.60   34.50   23.80    40.12       F
    5316       55.40   34.40   23.40   77.10    47.58       F
    5234       82.20   81.90   72.60   75.60    78.08       C
    4523       98.30   89.30   78.40   99.40    91.35       A
    3809       66.50   55.70   55.80   44.90    55.72       F
    3319       77.80   77.90   72.40   80.10    77.05       C
    2829       76.80   87.40   87.10   79.30    82.65       B
    2335       98.30   87.30   93.70   89.20    92.12       A
    2210       88.90   88.00   81.40   82.40    85.17       B
    1936       77.30   66.30   74.80   50.60    67.25       D
    1921       66.70   77.10   76.60   79.30    74.93       C
    1108       89.90   33.50   76.40   67.10    66.72       D
    1042       45.50   56.50   34.60   55.60    48.05       F
The list of students with their test average high to low are:
                                                  Test   Course
Student ID     Test 1  Test 2  Test 3  Test 4  Average  Grade
------------   ------  ------  ------  ------  -------  ------
    9820       99.90   89.90   99.90   94.60    96.08       A
    9907       98.80   93.50   94.10   90.20    94.15       A
    9914       99.30   92.20   87.80   90.30    92.40       A
    2335       98.30   87.30   93.70   89.20    92.12       A
    4523       98.30   89.30   78.40   99.40    91.35       A
    9927       92.30   92.30   94.30   80.20    89.78       B
    6228       90.90   88.30   88.80   91.10    89.78       B
    8840       77.80   98.20   88.30   78.50    85.70       B
    2210       88.90   88.00   81.40   82.40    85.17       B
    9802       99.50   88.80   55.90   94.50    84.68       B
    2829       76.80   87.40   87.10   79.30    82.65       B
    7705       77.20   77.80   88.30   83.20    81.62       B
    9244       60.40   90.90   96.30   77.70    81.32       B
    8703       88.80   77.60   66.60   89.90    80.72       B
    8641       88.80   67.80   86.60   78.20    80.35       B
    8822       88.20   82.20   78.90   68.30    79.40       C
    5830       55.80   89.90   78.20   90.30    78.55       C
    5806       55.90   89.90   82.20   84.60    78.15       C
    5234       82.20   81.90   72.60   75.60    78.08       C
    6901       66.80   90.90   87.70   65.60    77.75       C
    9704       90.40   77.30   72.20   68.80    77.18       C
    3319       77.80   77.90   72.40   80.10    77.05       C
    8538       88.80   59.20   67.70   90.50    76.55       C
    6343       78.70   76.60   77.20   71.40    75.97       C
    7733       77.90   71.20   76.70   75.30    75.28       C
    1921       66.70   77.10   76.60   79.30    74.93       C
    6713       67.30   77.80   65.90   87.20    74.55       C
    7617       77.40   66.80   75.50   75.20    73.73       C
    8718       80.30   78.90   71.40   62.20    73.20       C
    6831       66.80   90.90   58.40   69.40    71.38       C
    7324       77.90   34.70   78.90   78.40    67.47       D
    1936       77.30   66.30   74.80   50.60    67.25       D
    1108       89.90   33.50   76.40   67.10    66.72       D
    6732       69.90   78.70   50.20   67.50    66.57       D
    6511       66.70   56.80   71.20   65.90    65.15       D
    6526       66.70   56.20   78.90   55.90    64.42       D
    6737       66.20   67.30   72.10   45.60    62.80       D
    5612       55.50   66.60   66.20   62.10    62.60       D
    5639       55.50   66.60   54.50   59.90    59.12       F
    6615       66.10   62.60   54.10   45.20    57.00       F
    3809       66.50   55.70   55.80   44.90    55.72       F
    1042       45.50   56.50   34.60   55.60    48.05       F
    5316       55.40   34.40   23.40   77.10    47.58       F
    5425       56.60   45.60   34.50   23.80    40.12       F

-----------------------------------
|      END OF PROGRAM OUTPUT      |
-----------------------------------
